00000;00001,1.0
00001;00002,0.25;00011,0.75
00002;00003,0.25;00012,0.75
00003;
00011;00012,0.5;00111,0.5
00012;00013,0.25;00022,0.25;00112,0.5
00013;
00022;00023,0.5,00122,0.5
00023;
00033;
00111;00112,0.75;01111,0.25
00112;00113,0.25;00122,0.5;01112,0.25
00113;
00122;00123,0.5;00222,0.25;01122,0.25
00123;
00133;
00222;00223,0.75;01222,0.25
00223;
00233;
00333;
01111;01112,1.0
01112;01113,0.25;01122,0.75
01113;
01122;01123,0.5;01222,0.5
01123;
01133;
01222;01223,0.75;02222,0.25
01223;
01233;
01333;
02222;02223,1.0
02223;
02233;
02333;
03333;
10003;
10013;
10023;
10033;
10113;
10123;
10133;
10223;
10233;
10333;
11113;
11123;
11133;
11223;
11233;
11333;
12223;
12233;
12333;
13333;
20003;
20013;
20023;
20033;
20113;
20123;
20133;
20223;
20233;
20333;
21113;
21123;
21133;
21223;
21233;
21333;
22223;
22233;
22333;
23333;
E
